学籍番号: 201811395
氏名: ○○○○
演習番号: 6

課題1を実行した結果を以下に示す．
$ ./ex6_1 33
thirty three
$ ./ex6_1 99
ninety nine

課題2を実行した結果を以下に示す.
$ ./ex6_2 ./ex6_data.txt
[8614, 6295, 9333, 1596, 6019, 36, 2982, 4802, 1948, 769, 3662, 6056,
1281, 4582, 3156, 1007, 4794, 7209, 3282, 5901]
Best value under standard 1: 0
best value under standard 2: 0
best value under standard 3: 0
[8615, 6296, 9334, 1597, 6020, 37, 2983, 4803, 1949, 770, 3663, 6057,
1282, 4583, 3157, 1008, 4795, 7210, 3283, 5902]
[-8615, -6296, -9334, -1597, -6020, -37, -2983, -4803, -1949, -770, -3663, -6057, -1282, -4583, -3157, -1008, -4795, -7210, -3283, -5902]
[-25845, -18888, -28002, -4791, -18060, -111, -8949, -14409, -5847, -2310, -10989, -18171, -3846, -13749, -9471, -3024, -14385, -21630, -9849, -17706]
[25845, 18888, 28002, 4791, 18060, 111, 8949, 14409, 5847, 2310, 10989, 18171, 3846, 13749, 9471, 3024, 14385, 21630, 9849, 17706]
[1, 0, 0, 1, 0, 1, 1, 1, 1, 0, 1, 1, 0, 1, 1, 0, 1, 0, 1, 0]
knjy@夢見りあむ:/mnt/c/Users/ymmt8/workspace/coins18/2019/autumnAB/Syssys06$ gcc -o ex6_2 ex6_2.c
knjy@夢見りあむ:/mnt/c/Users/ymmt8/workspace/coins18/2019/autumnAB/Syssys06$ ./ex6_2 ./ex6_data.txt
[8614, 6295, 9333, 1596, 6019, 36, 2982, 4802, 1948, 769, 3662, 6056,
1281, 4582, 3156, 1007, 4794, 7209, 3282, 5901]
Best value under standard 1: 9333
best value under standard 2: 23
best value under standard 3: 24
[8615, 6296, 9334, 1597, 6020, 37, 2983, 4803, 1949, 770, 3663, 6057,
1282, 4583, 3157, 1008, 4795, 7210, 3283, 5902]
[-8615, -6296, -9334, -1597, -6020, -37, -2983, -4803, -1949, -770, -3663, -6057, -1282, -4583, -3157, -1008, -4795, -7210, -3283, -5902]
[-25845, -18888, -28002, -4791, -18060, -111, -8949, -14409, -5847, -2310, -10989, -18171, -3846, -13749, -9471, -3024, -14385, -21630, -9849, -17706]
[25845, 18888, 28002, 4791, 18060, 111, 8949, 14409, 5847, 2310, 10989, 18171, 3846, 13749, 9471, 3024, 14385, 21630, 9849, 17706]
[1, 0, 0, 1, 0, 1, 1, 1, 1, 0, 1, 1, 0, 1, 1, 0, 1, 0, 1, 0]